настройки сети IP 192.168.1.128, номер порта произвольный
СМДМ8-4 (192.168.1.233  30020) Запрос:
Байт № : 00 01 02 03 04 05 06 07 08 09 10 11 12 13 14 15 16 17 18 19 20 21 22 23 24 25 26 27 28 29 30 31 32 33 34 35 36 37 38 39 40 41 42 43 44 45 46 47 48 49 50  
Пакет  : 00 66 80 00 00 32 31 44 00 00 01 00 00 00 00 00 00 00 00 00 00 00 00 00 00 00 28 28 28 28 28 28 28 28 00 00 00 00 00 00 00 00 00 00 00 00 00 00 00 00 00
				   |  |                                               |                       |                                                  |
Ответ:
Байт № : 00 01 02 03 04 05 06 07 08
Пакет  : 80 00 00 66 00 09 31 00 00 	


СМ16-4   (192.168.1.231  30020) 
Байт № : 00 01 02 03 04 05 06 07 08 09 10 11 12 13 14 15 16 17 18 19 20 21 22 23 24 25 26 27 28 29 30 31 32 33 34 35 36 37 38 39 40 41 42 43 44 45 46 47 48 49 50  
Пакет  : 00 64 80 00 00 32 31 44 00 00 01 00 00 00 00 00 00 00 00 00 00 00 00 00 00 00 28 28 28 28 00 00 00 00 00 00 00 00 00 00 00 00 00 00 00 00 00 00 00 00 00
				   |  |                                               |                       |                                                  |
Ответ:
Байт № : 00 01 02 03 04 05 06 07 08
Пакет  : 80 00 00 66 00 09 31 00 00 

ДМ4-16   (192.168.1.232  30020) 
Байт № : 00 01 02 03 04 05 06 07 08 09 10 11 12 13 14 15 16 17 18 19 20 21 22 23 24 25 26 27 28 29 30 31 32 33 34 35 36 37 38 39 40 41 42 43 44 45 46 47 48 49 50  
Пакет  : 00 65 80 00 00 32 31 44 00 00 01 00 00 00 00 00 00 00 00 00 00 00 00 00 00 00 00 00 00 00 28 28 28 28 00 00 00 00 00 00 00 00 00 00 00 00 00 00 00 00 00
				   |  |                                               |                       |                                                  |
Ответ:
Байт № : 00 01 02 03 04 05 06 07 08
Пакет  : 80 00 00 66 00 09 31 00 00 